201811020000	1.06317
201811020100	1.73433
201811020200	1.71583
201811020300	1.40600
201811020400	1.69517
201811020500	2.31683
201811020600	2.77167
201811020700	3.25783
201811020800	2.22250
201811020900	1.82567
201811021000	1.93483
201811021100	1.90533
201811021200	1.69650
201811021300	1.96783
201811021400	2.06017
201811021500	1.69467
201811021600	1.59233
201811021700	1.40450
201811021800	1.49767
201811021900	1.55650
201811022000	1.32150
201811022100	1.28733
201811022200	1.36617
201811022300	1.27367
201811040000	3.47650
201811040100	4.34300
201811040200	3.46767
201811040300	4.01183
201811040400	3.22767
201811040500	2.97383
201811040600	4.28467
201811040700	5.34550
201811040800	4.89383
201811040900	4.59567
201811041000	4.84050
201811041100	4.08767
201811041200	4.33450
201811041300	3.35000
201811041400	3.27383
201811041500	2.49783
201811041600	2.38500
201811041700	1.85100
201811041800	2.09600
201811041900	2.80733
201811042000	2.76317
201811042100	2.06600
201811042200	1.82667
201811042300	3.51700
201811060000	3.78417
201811060100	4.31650
201811060200	5.68533
201811060300	4.31117
201811060400	3.02983
201811060500	2.30817
201811060600	2.33717
201811060700	2.18100
201811060800	1.85583
201811060900	1.41167
201811061000	2.04450
201811061100	1.96467
201811061200	1.97850
201811061300	1.68133
201811061400	1.49833
201811061500	1.35983
201811061600	1.46983
201811061700	1.51083
201811061800	1.40317
201811061900	1.69517
201811062000	1.42967
201811062100	2.03467
201811062200	2.51950
201811062300	2.74133
201811080000	1.56250
201811080100	2.34533
201811080200	1.66467
201811080300	1.07583
201811080400	1.40217
201811080500	2.34800
201811080600	3.00933
201811080700	2.75433
201811080800	2.30800
201811080900	2.90617
201811081000	3.51933
201811081100	2.36383
201811081200	2.62617
201811081300	1.97267
201811081400	1.46917
201811081500	1.69183
201811081600	1.84383
201811081700	1.87183
201811081800	2.17733
201811081900	2.63067
201811082000	2.37983
201811082100	2.07750
201811082200	3.00250
201811082300	4.29900
201811100000	4.81683
201811100100	3.82917
201811100200	2.99567
201811100300	1.47283
201811100400	1.14317
201811100500	1.99617
201811100600	2.33983
201811100700	2.13800
201811100800	2.00883
201811100900	2.07050
201811101000	1.27950
201811101100	1.47150
201811101200	1.42817
201811101300	1.66000
201811101400	1.34583
201811101500	1.20433
201811101600	1.41717
201811101700	0.97267
201811101800	1.69617
201811101900	1.81650
201811102000	0.99983
201811102100	1.07367
201811102200	1.09917
201811102300	1.38517
201811120000	1.61950
201811120100	1.27150
201811120200	1.01817
201811120300	1.20817
201811120400	2.02533
201811120500	2.85733
201811120600	3.41350
201811120700	3.34567
201811120800	3.18333
201811120900	3.01050
201811121000	3.05833
201811121100	2.60400
201811121200	2.36750
201811121300	1.61450
201811121400	1.87483
201811121500	1.67133
201811121600	1.43917
201811121700	1.83600
201811121800	1.35933
201811121900	1.24650
201811122000	1.49917
201811122100	1.88317
201811122200	1.27167
201811122300	2.10167
201811140000	2.43017
201811140100	2.00000
201811140200	2.16333
201811140300	2.13050
201811140400	2.56900
201811140500	2.15700
201811140600	2.37517
201811140700	2.77500
201811140800	2.82567
201811140900	3.76083
201811141000	2.32083
201811141100	2.28967
201811141200	2.81633
201811141300	2.09167
201811141400	1.26783
201811141500	1.54967
201811141600	1.23483
201811141700	0.93400
201811141800	1.68117
201811141900	2.22350
201811142000	2.33800
201811142100	2.48517
201811142200	3.01433
201811142300	2.67500
201811160000	4.52367
201811160100	3.83633
201811160200	3.77750
201811160300	3.69117
201811160400	4.62433
201811160500	4.59800
201811160600	4.08350
201811160700	3.34433
201811160800	3.02417
201811160900	2.25333
201811161000	1.97683
201811161100	2.06967
201811161200	1.62517
201811161300	1.01700
201811161400	2.26600
201811161500	2.16350
201811161600	1.52833
201811161700	1.73717
201811161800	2.14283
201811161900	1.42733
201811162000	1.59567
201811162100	1.35600
201811162200	2.18883
201811162300	1.52067
201811180000	1.80383
201811180100	3.81917
201811180200	5.34200
201811180300	5.16100
201811180400	6.74100
201811180500	7.67367
201811180600	7.48517
201811180700	7.01350
201811180800	6.40883
201811180900	3.96467
201811181000	3.51867
201811181100	2.94317
201811181200	2.14983
201811181300	1.44117
201811181400	1.59300
201811181500	1.77133
201811181600	1.14767
201811181700	0.98017
201811181800	1.96967
201811181900	2.80867
201811182000	3.27633
201811182100	1.26583
201811182200	1.98650
201811182300	2.21250
201811200000	2.77517
201811200100	2.59733
201811200200	1.65767
201811200300	2.15267
201811200400	1.83550
201811200500	2.21300
201811200600	2.60383
201811200700	2.72933
201811200800	2.93017
201811200900	2.82550
201811201000	2.20400
201811201100	1.80500
201811201200	2.39767
201811201300	1.99683
201811201400	3.31767
201811201500	2.54667
201811201600	2.29767
201811201700	1.59217
201811201800	1.41600
201811201900	0.85600
201811202000	1.30533
201811202100	2.96200
201811202200	3.19700
201811202300	3.12433
201811220000	2.67800
201811220100	3.12183
201811220200	3.29217
201811220300	3.57267
201811220400	2.45300
201811220500	1.62567
201811220600	2.66333
201811220700	3.40900
201811220800	4.73500
201811220900	4.26767
201811221000	2.90400
201811221100	3.49183
201811221200	2.48250
201811221300	1.84500
201811221400	1.50483
201811221500	1.83833
201811221600	2.22683
201811221700	1.95117
201811221800	2.12917
201811221900	1.67783
201811222000	1.14000
201811222100	1.59550
201811222200	2.15550
201811222300	2.17083
201811240000	2.99567
201811240100	1.42267
201811240200	1.20767
201811240300	3.01950
201811240400	2.75917
201811240500	3.12850
201811240600	3.14433
201811240700	3.38117
201811240800	3.94967
201811240900	4.41567
201811241000	3.00467
201811241100	0.74033
201811241200	1.59300
201811241300	1.35667
201811241400	1.63717
201811241500	1.36950
201811241600	1.66833
201811241700	1.90350
201811241800	1.91100
201811241900	2.00567
201811242000	2.39150
201811242100	3.22233
201811242200	2.56800
201811242300	2.79550
201811260000	1.25150
201811260100	1.02700
201811260200	1.40433
201811260300	1.23417
201811260400	1.43233
201811260500	1.52250
201811260600	1.67533
201811260700	1.34400
201811260800	0.96783
201811260900	1.87500
201811261000	1.80900
201811261100	1.05683
201811261200	1.35233
201811261300	1.49333
201811261400	1.91250
201811261500	2.17667
201811261600	2.45250
201811261700	2.16983
201811261800	1.33667
201811261900	5.99033
201811262000	6.10167
201811262100	4.89583
201811262200	3.83483
201811262300	4.26433
201811280000	2.05650
201811280100	1.35550
201811280200	1.08900
201811280300	1.15150
201811280400	1.20100
201811280500	1.26517
201811280600	1.26567
201811280700	1.18433
201811280800	1.17317
201811280900	1.50650
201811281000	2.16233
201811281100	2.00833
201811281200	2.14617
201811281300	2.07017
201811281400	3.09467
201811281500	2.90133
201811281600	2.27433
201811281700	1.94633
201811281800	1.64733
201811281900	2.60350
201811282000	2.52450
201811282100	1.32683
201811282200	1.28817
201811282300	1.69233
201811300000	1.65050
201811300100	0.99400
201811300200	0.92617
201811300300	1.16667
201811300400	1.30550
201811300500	1.13450
201811300600	1.32117
201811300700	1.38233
201811300800	1.57433
201811300900	1.93167
201811301000	1.58883
201811301100	1.50550
201811301200	1.21333
201811301300	2.08850
201811301400	1.64467
201811301500	1.58883
201811301600	1.43683
201811301700	1.26133
201811301800	2.07700
201811301900	1.64167
201811302000	1.82150
201811302100	2.91267
201811302200	1.31183
201811302300	0.77467
201812020000	2.06233
201812020100	1.61350
201812020200	1.49583
201812020300	1.28500
201812020400	1.26183
201812020500	1.45100
201812020600	1.61900
201812020700	1.62567
201812020800	1.72550
201812020900	1.26367
201812021000	1.79200
201812021100	2.26983
201812021200	2.24683
201812021300	2.67850
201812021400	3.20617
201812021500	2.02433
201812021600	2.68933
201812021700	2.83600
201812021800	4.23100
201812021900	4.41300
201812022000	5.16217
201812022100	5.59900
201812022200	5.51533
201812022300	4.74883
201812040000	3.45183
201812040100	6.43467
201812040200	5.28117
201812040300	3.84650
201812040400	5.34733
201812040500	6.91133
201812040600	7.15533
201812040700	6.83050
201812040800	6.20967
201812040900	3.59217
201812041000	3.36383
201812041100	2.81217
201812041200	1.41733
201812041300	0.67383
201812041400	1.59150
201812041500	2.52600
201812041600	1.56850
201812041700	1.79550
201812041800	0.95983
201812041900	1.46467
201812042000	1.55500
201812042100	2.20300
201812042200	1.42333
201812042300	1.88200
201812060000	7.80850
201812060100	8.55833
201812060200	7.67483
201812060300	9.89917
201812060400	10.14267
201812060500	8.00450
201812060600	7.32650
201812060700	7.53650
201812060800	6.79233
201812060900	4.74667
201812061000	4.28517
201812061100	3.38850
201812061200	3.75050
201812061300	4.17617
201812061400	4.39733
201812061500	4.44950
201812061600	4.99717
201812061700	5.17183
201812061800	4.50267
201812061900	3.82617
201812062000	3.47950
201812062100	3.81267
201812062200	2.96333
201812062300	3.41167
201812080000	4.56700
201812080100	6.01783
201812080200	7.21683
201812080300	6.91567
201812080400	7.18150
201812080500	8.08333
201812080600	8.09067
201812080700	6.64300
201812080800	4.93283
201812080900	2.28100
201812081000	1.42000
201812081100	2.24683
201812081200	1.77367
201812081300	1.58950
201812081400	1.14917
201812081500	1.37417
201812081600	1.03383
201812081700	1.37400
201812081800	1.99850
201812081900	1.51383
201812082000	0.89333
201812082100	1.78767
201812082200	2.70867
201812082300	2.70183
201812100000	2.52583
201812100100	3.00317
201812100200	2.97933
201812100300	2.10433
201812100400	1.62767
201812100500	1.21933
201812100600	1.57033
201812100700	2.34800
201812100800	2.09950
201812100900	1.57983
201812101000	1.82833
201812101100	1.49450
201812101200	1.42667
201812101300	2.19150
201812101400	2.30633
201812101500	2.58567
201812101600	2.37383
201812101700	2.07267
201812101800	2.69633
201812101900	1.93617
201812102000	2.20183
201812102100	6.00950
201812102200	8.33950
201812102300	9.00767
201812120000	0.77542
201812120100	0.85200
201812120200	1.19633
201812120300	1.88000
201812120400	1.76433
201812120500	2.56233
201812120600	3.06117
201812120700	3.88367
201812120800	4.96583
201812120900	4.00667
201812121000	3.57617
201812121100	3.95117
201812121200	3.13550
201812121300	2.11317
201812121400	2.19400
201812121500	3.54967
201812121600	3.84967
201812121700	4.13583
201812121800	2.96033
201812121900	4.57900
201812122000	4.80617
201812122100	1.68183
201812122200	4.56617
201812122300	4.36583
201812140000	1.71617
201812140100	1.47467
201812140200	1.05133
201812140300	1.03333
201812140400	1.51950
201812140500	1.49167
201812140600	1.41550
201812140700	1.22883
201812140800	2.57617
201812140900	2.71100
201812141000	1.98783
201812141100	1.95183
201812141200	1.55617
201812141300	1.63517
201812141400	2.05817
201812141500	1.94033
201812141600	0.99700
201812141700	1.83667
201812141800	1.05117
201812141900	1.79033
201812142000	1.49150
201812142100	0.96483
201812142200	1.71483
201812142300	1.70233
201812160000	1.80383
201812160100	1.41283
201812160200	1.86283
201812160300	5.53050
201812160400	8.49267
201812160500	8.21417
201812160600	7.10350
201812160700	6.98767
201812160800	5.03467
201812160900	3.28817
201812161000	2.65233
201812161100	4.23317
201812161200	3.09767
201812161300	3.75983
201812161400	3.69600
201812161500	3.47933
201812161600	3.14217
201812161700	2.25433
201812161800	1.94500
201812161900	1.15883
201812162000	1.56517
201812162100	1.37033
201812162200	2.74517
201812162300	2.28267
201812180000	2.01167
201812180100	1.92417
201812180200	2.65067
201812180300	4.31350
201812180400	3.94467
201812180500	4.75367
201812180600	4.10950
201812180700	3.03667
201812180800	3.23917
201812180900	2.34500
201812181000	1.64167
201812181100	2.56567
201812181200	1.64633
201812181300	1.27050
201812181400	1.77200
201812181500	1.59550
201812181600	2.15883
201812181700	1.88800
201812181800	2.16083
201812181900	2.31800
201812182000	2.74067
201812182100	2.53767
201812182200	3.24833
201812182300	2.08583
201812200000	1.45183
201812200100	1.09200
201812200200	1.33283
201812200300	1.47917
201812200400	1.62200
201812200500	2.07167
201812200600	2.09033
201812200700	2.97967
201812200800	2.39650
201812200900	3.29117
201812201000	3.97467
201812201100	3.23467
201812201200	2.26467
201812201300	1.51500
201812201400	2.16283
201812201500	1.59167
201812201600	1.89483
201812201700	1.10550
201812201800	2.09033
201812201900	1.38183
201812202000	1.22933
201812202100	1.25583
201812202200	2.29467
201812202300	1.94950
201812220000	2.37150
201812220100	2.09767
201812220200	2.93750
201812220300	2.44200
201812220400	2.67417
201812220500	3.92950
201812220600	3.77667
201812220700	3.09633
201812220800	3.76167
201812220900	3.74967
201812221000	3.04767
201812221100	2.60817
201812221200	4.89417
201812221300	5.93467
201812221400	6.92133
201812221500	6.55617
201812221600	7.54733
201812221700	6.20783
201812221800	8.63550
201812221900	7.88800
201812222000	7.99517
201812222100	7.12683
201812222200	5.21850
201812222300	5.07183
201812240000	2.71915
201812240100	2.22700
201812240200	0.97917
201812240300	1.01817
201812240400	1.67317
201812240500	1.69083
201812240600	2.61233
201812240700	3.94633
201812240800	3.83750
201812240900	4.50117
201812241000	3.71917
201812241100	3.49317
201812241200	1.83800
201812241300	1.55517
201812241400	1.48000
201812241500	1.16283
201812241600	2.31750
201812241700	1.36383
201812241800	2.22983
201812241900	1.54467
201812242000	1.77483
201812242100	3.57150
201812242200	3.54283
201812242300	5.21000
201812260000	5.43583
201812260100	6.32350
201812260200	5.90000
201812260300	4.73117
201812260400	2.03733
201812260500	1.77283
201812260600	1.27067
201812260700	1.04283
201812260800	1.21283
201812260900	1.49900
201812261000	1.53350
201812261100	1.12433
201812261200	1.72767
201812261300	2.88433
201812261400	3.25417
201812261500	3.35200
201812261600	4.76367
201812261700	5.92633
201812261800	5.17867
201812261900	6.78983
201812262000	6.35350
201812262100	6.43133
201812262200	6.86767
201812262300	6.06350
201812280000	5.15900
201812280100	6.66450
201812280200	8.01100
201812280300	7.62500
201812280400	9.06467
201812280500	8.63533
201812280600	8.15567
201812280700	6.55650
201812280800	5.76617
201812280900	5.45383
201812281000	4.27733
201812281100	5.04650
201812281200	2.71383
201812281300	3.35217
201812281400	3.27417
201812281500	1.62017
201812281600	1.04433
201812281700	3.65200
201812281800	4.65933
201812281900	4.93667
201812282000	4.76300
201812282100	4.78083
201812282200	2.75250
201812282300	1.96667
201812300000	3.45567
201812300100	2.75667
201812300200	3.69433
201812300300	2.80500
201812300400	2.37417
201812300500	2.05433
201812300600	1.62433
201812300700	1.27717
201812300800	0.82083
201812300900	0.56150
201812301000	1.49983
201812301100	2.43550
201812301200	1.57000
201812301300	1.22733
201812301400	1.51767
201812301500	1.09467
201812301600	1.65300
201812301700	2.20217
201812301800	1.74367
201812301900	2.65300
201812302000	2.03367
201812302100	2.20200
201812302200	2.42233
201812302300	2.52217
