201811020000	0.73183
201811020100	1.22667
201811020200	1.57033
201811020300	1.24133
201811020400	1.48617
201811020500	2.07717
201811020600	2.20667
201811020700	1.94800
201811020800	0.74917
201811020900	0.91517
201811021000	0.77617
201811021100	0.65183
201811021200	0.77350
201811021300	0.83733
201811021400	0.73700
201811021500	0.68300
201811021600	0.79317
201811021700	0.93350
201811021800	0.94633
201811021900	0.76617
201811022000	0.84217
201811022100	1.17350
201811022200	0.79350
201811022300	0.71167
201811040000	2.30850
201811040100	3.59583
201811040200	3.14883
201811040300	3.43800
201811040400	3.02867
201811040500	2.49733
201811040600	3.39567
201811040700	4.09217
201811040800	2.99017
201811040900	3.46900
201811041000	3.16850
201811041100	2.87033
201811041200	3.06067
201811041300	1.95483
201811041400	1.67033
201811041500	2.03900
201811041600	1.17050
201811041700	1.20750
201811041800	0.89017
201811041900	1.31367
201811042000	2.01583
201811042100	0.91550
201811042200	0.92917
201811042300	1.80267
201811060000	3.25750
201811060100	3.36433
201811060200	3.73017
201811060300	3.22633
201811060400	2.53900
201811060500	1.80317
201811060600	1.44900
201811060700	1.43467
201811060800	1.09117
201811060900	0.54767
201811061000	0.89967
201811061100	1.15367
201811061200	1.11333
201811061300	1.11617
201811061400	0.97700
201811061500	0.48583
201811061600	0.68250
201811061700	0.72067
201811061800	1.00333
201811061900	1.01350
201811062000	0.96783
201811062100	1.64600
201811062200	1.37800
201811062300	2.15883
201811080000	1.31667
201811080100	2.05017
201811080200	1.63433
201811080300	1.34750
201811080400	1.59317
201811080500	2.04850
201811080600	2.70267
201811080700	2.52517
201811080800	1.69550
201811080900	2.39117
201811081000	3.28717
201811081100	2.05483
201811081200	1.15800
201811081300	0.99883
201811081400	0.81267
201811081500	1.03583
201811081600	1.41917
201811081700	0.83667
201811081800	1.86767
201811081900	1.92650
201811082000	2.62617
201811082100	2.00483
201811082200	2.64683
201811082300	3.49417
201811100000	3.16067
201811100100	3.04050
201811100200	2.56467
201811100300	1.31800
201811100400	1.80833
201811100500	2.01017
201811100600	2.07083
201811100700	1.81050
201811100800	1.21867
201811100900	0.95833
201811101000	0.70683
201811101100	0.86250
201811101200	0.63933
201811101300	0.95983
201811101400	1.01300
201811101500	0.88500
201811101600	1.08617
201811101700	0.98300
201811101800	0.76300
201811101900	1.64750
201811102000	0.94933
201811102100	0.78350
201811102200	0.43650
201811102300	0.76433
201811120000	0.80433
201811120100	1.04083
201811120200	0.91800
201811120300	1.17800
201811120400	1.91833
201811120500	2.65750
201811120600	3.22233
201811120700	3.23867
201811120800	2.41050
201811120900	1.52667
201811121000	1.52167
201811121100	1.23050
201811121200	1.27900
201811121300	0.95650
201811121400	0.59300
201811121500	0.68550
201811121600	1.17350
201811121700	0.75750
201811121800	0.55983
201811121900	0.59133
201811122000	0.67233
201811122100	1.10733
201811122200	0.57017
201811122300	1.22583
201811140000	1.55550
201811140100	1.65700
201811140200	1.52967
201811140300	1.70750
201811140400	2.05200
201811140500	1.63967
201811140600	1.57500
201811140700	2.41183
201811140800	2.11433
201811140900	2.94867
201811141000	1.71917
201811141100	1.35567
201811141200	1.43967
201811141300	0.98450
201811141400	0.74700
201811141500	0.71800
201811141600	0.47600
201811141700	0.77800
201811141800	1.02067
201811141900	1.55933
201811142000	2.00600
201811142100	1.91467
201811142200	2.38133
201811142300	2.38317
201811160000	2.94750
201811160100	3.15283
201811160200	3.48250
201811160300	3.32617
201811160400	3.91633
201811160500	4.77717
201811160600	4.51083
201811160700	3.64017
201811160800	2.32317
201811160900	1.50550
201811161000	1.00767
201811161100	0.93967
201811161200	0.69167
201811161300	0.63867
201811161400	1.28133
201811161500	0.95517
201811161600	0.85733
201811161700	1.46600
201811161800	1.78800
201811161900	1.31633
201811162000	1.32433
201811162100	1.55700
201811162200	1.56233
201811162300	1.45850
201811180000	1.41900
201811180100	3.53633
201811180200	6.65600
201811180300	5.50983
201811180400	7.07283
201811180500	7.66883
201811180600	8.91850
201811180700	8.22683
201811180800	7.34533
201811180900	4.62783
201811181000	3.36883
201811181100	3.32400
201811181200	1.80383
201811181300	0.80233
201811181400	0.84033
201811181500	1.48500
201811181600	0.79000
201811181700	0.67600
201811181800	1.24400
201811181900	2.44617
201811182000	1.76200
201811182100	0.94733
201811182200	0.98300
201811182300	1.24567
201811200000	2.69217
201811200100	2.06400
201811200200	1.67417
201811200300	2.33817
201811200400	2.12117
201811200500	2.15900
201811200600	1.68633
201811200700	1.61700
201811200800	1.46133
201811200900	1.15600
201811201000	0.98817
201811201100	0.74583
201811201200	1.19733
201811201300	1.16383
201811201400	1.77383
201811201500	1.36933
201811201600	1.25817
201811201700	0.59267
201811201800	0.58833
201811201900	0.46017
201811202000	0.88817
201811202100	3.36050
201811202200	2.77317
201811202300	1.39150
201811220000	2.45733
201811220100	2.63650
201811220200	2.94050
201811220300	3.09983
201811220400	2.47467
201811220500	1.95067
201811220600	2.63433
201811220700	3.10800
201811220800	2.42517
201811220900	1.65583
201811221000	1.34250
201811221100	0.81950
201811221200	0.66717
201811221300	0.84617
201811221400	1.00183
201811221500	0.98633
201811221600	1.26400
201811221700	1.23017
201811221800	1.43100
201811221900	0.65483
201811222000	0.85067
201811222100	1.31650
201811222200	1.55450
201811222300	1.55000
201811240000	2.56617
201811240100	1.52467
201811240200	1.07267
201811240300	2.43333
201811240400	2.79817
201811240500	3.05083
201811240600	3.19633
201811240700	3.20617
201811240800	3.60650
201811240900	4.05667
201811241000	3.08417
201811241100	0.71400
201811241200	1.09350
201811241300	0.62300
201811241400	0.79000
201811241500	0.73467
201811241600	0.74217
201811241700	1.32717
201811241800	1.10733
201811241900	1.40950
201811242000	1.31667
201811242100	2.15833
201811242200	2.06267
201811242300	2.17067
201811260000	0.66100
201811260100	0.72900
201811260200	1.01700
201811260300	1.19267
201811260400	1.21117
201811260500	1.57850
201811260600	1.42800
201811260700	1.09617
201811260800	0.64033
201811260900	1.45967
201811261000	1.15183
201811261100	0.90850
201811261200	0.99017
201811261300	1.25067
201811261400	1.70933
201811261500	1.77200
201811261600	2.53883
201811261700	2.37750
201811261800	1.24150
201811261900	4.79417
201811262000	6.45150
201811262100	5.72700
201811262200	4.26300
201811262300	4.56567
201811280000	2.02283
201811280100	1.55950
201811280200	1.34717
201811280300	1.74100
201811280400	1.38450
201811280500	1.24100
201811280600	1.20033
201811280700	1.58367
201811280800	1.04683
201811280900	1.21483
201811281000	1.29717
201811281100	1.24550
201811281200	1.90817
201811281300	1.84083
201811281400	2.94133
201811281500	3.25617
201811281600	1.50817
201811281700	1.31667
201811281800	0.95300
201811281900	2.21033
201811282000	2.47250
201811282100	1.62417
201811282200	1.59683
201811282300	1.16900
201811300000	1.21417
201811300100	0.55817
201811300200	0.85217
201811300300	1.07533
201811300400	1.10183
201811300500	1.06583
201811300600	0.98433
201811300700	0.77633
201811300800	0.71650
201811300900	0.95683
201811301000	0.85017
201811301100	0.76550
201811301200	0.80267
201811301300	1.05633
201811301400	1.06217
201811301500	1.01500
201811301600	1.28067
201811301700	0.97583
201811301800	1.98417
201811301900	0.85317
201811302000	1.05967
201811302100	2.38600
201811302200	0.80050
201811302300	0.96683
201812020000	1.92067
201812020100	1.35067
201812020200	0.98683
201812020300	1.21050
201812020400	1.27583
201812020500	1.48467
201812020600	1.68933
201812020700	1.53733
201812020800	1.21050
201812020900	1.29667
201812021000	1.30400
201812021100	2.35433
201812021200	2.48867
201812021300	2.61067
201812021400	2.74083
201812021500	2.35567
201812021600	2.53567
201812021700	1.91150
201812021800	2.70933
201812021900	4.11700
201812022000	2.75983
201812022100	3.74450
201812022200	3.59967
201812022300	4.28017
201812040000	3.42517
201812040100	5.63483
201812040200	5.03450
201812040300	4.63433
201812040400	4.95900
201812040500	7.42200
201812040600	7.96850
201812040700	7.95717
201812040800	7.01067
201812040900	3.64733
201812041000	3.45767
201812041100	2.39133
201812041200	0.92150
201812041300	0.59600
201812041400	0.93533
201812041500	1.57000
201812041600	0.75267
201812041700	0.99283
201812041800	0.35050
201812041900	0.64850
201812042000	0.76483
201812042100	1.27267
201812042200	1.25433
201812042300	1.06617
201812060000	10.12033
201812060100	9.52917
201812060200	9.27900
201812060300	10.65383
201812060400	10.91967
201812060500	9.31100
201812060600	8.87533
201812060700	8.02817
201812060800	7.24317
201812060900	5.10450
201812061000	4.52583
201812061100	3.85750
201812061200	3.94217
201812061300	4.52617
201812061400	4.05833
201812061500	4.27833
201812061600	5.21367
201812061700	5.21267
201812061800	4.23283
201812061900	4.85400
201812062000	4.15550
201812062100	4.74217
201812062200	3.76283
201812062300	4.15967
201812080000	5.41217
201812080100	8.47717
201812080200	8.77517
201812080300	7.59100
201812080400	7.63350
201812080500	7.65917
201812080600	7.73017
201812080700	6.23583
201812080800	4.74300
201812080900	1.65033
201812081000	1.22967
201812081100	2.03650
201812081200	2.19783
201812081300	1.11133
201812081400	0.70200
201812081500	1.00617
201812081600	0.75417
201812081700	1.19717
201812081800	1.09067
201812081900	0.58817
201812082000	0.55333
201812082100	1.07733
201812082200	2.08350
201812082300	1.83517
201812100000	2.38400
201812100100	2.41583
201812100200	2.53333
201812100300	1.85500
201812100400	1.23400
201812100500	1.14700
201812100600	1.40183
201812100700	1.97283
201812100800	1.26183
201812100900	0.81017
201812101000	0.74133
201812101100	0.51917
201812101200	0.38667
201812101300	1.78800
201812101400	2.02283
201812101500	2.31700
201812101600	2.18117
201812101700	1.97550
201812101800	2.30217
201812101900	2.06833
201812102000	1.68550
201812102100	5.77833
201812102200	6.90133
201812102300	7.12183
201812120000	0.49475
201812120100	0.52100
201812120200	0.93767
201812120300	1.72650
201812120400	1.85733
201812120500	2.21650
201812120600	3.07583
201812120700	4.07000
201812120800	4.65400
201812120900	3.61867
201812121000	3.65500
201812121100	3.33667
201812121200	2.07400
201812121300	1.01933
201812121400	1.75133
201812121500	4.38050
201812121600	4.93233
201812121700	2.76983
201812121800	2.07850
201812121900	3.01217
201812122000	1.61533
201812122100	1.59700
201812122200	5.84600
201812122300	3.15150
201812140000	1.30550
201812140100	1.35400
201812140200	0.89050
201812140300	0.99783
201812140400	1.32217
201812140500	1.36250
201812140600	0.85233
201812140700	1.11667
201812140800	2.48683
201812140900	1.89883
201812141000	0.88167
201812141100	0.80033
201812141200	1.02567
201812141300	0.85450
201812141400	1.30950
201812141500	1.14950
201812141600	0.91083
201812141700	1.29400
201812141800	0.60400
201812141900	0.90750
201812142000	1.07417
201812142100	0.83167
201812142200	1.30533
201812142300	0.98933
201812160000	0.96767
201812160100	1.30483
201812160200	1.59017
201812160300	4.04550
201812160400	10.30317
201812160500	9.68933
201812160600	7.87117
201812160700	8.38217
201812160800	5.78767
201812160900	3.22600
201812161000	1.46533
201812161100	4.29367
201812161200	3.18383
201812161300	3.40900
201812161400	3.92617
201812161500	4.18883
201812161600	2.62233
201812161700	1.49883
201812161800	1.32650
201812161900	0.88050
201812162000	1.53500
201812162100	0.67667
201812162200	1.02267
201812162300	0.94317
201812180000	1.63333
201812180100	1.73967
201812180200	2.89017
201812180300	3.78000
201812180400	3.95983
201812180500	4.37900
201812180600	3.16367
201812180700	2.30967
201812180800	1.77233
201812180900	0.96283
201812181000	0.59883
201812181100	1.75883
201812181200	0.71767
201812181300	0.56150
201812181400	0.68383
201812181500	1.12700
201812181600	1.65700
201812181700	1.44817
201812181800	1.65967
201812181900	1.70367
201812182000	1.82317
201812182100	1.22617
201812182200	2.56050
201812182300	1.78050
201812200000	0.74367
201812200100	0.61750
201812200200	1.49883
201812200300	1.37900
201812200400	1.17783
201812200500	1.78583
201812200600	1.60017
201812200700	1.70933
201812200800	1.35783
201812200900	2.23383
201812201000	2.29483
201812201100	0.97983
201812201200	0.84400
201812201300	1.00333
201812201400	1.70100
201812201500	0.80017
201812201600	1.36817
201812201700	0.52650
201812201800	1.99117
201812201900	0.73517
201812202000	0.79883
201812202100	1.50100
201812202200	2.58017
201812202300	2.03400
201812220000	2.59817
201812220100	2.05217
201812220200	2.24550
201812220300	2.45883
201812220400	2.21833
201812220500	3.80467
201812220600	4.12883
201812220700	3.75283
201812220800	4.20200
201812220900	3.77500
201812221000	3.06850
201812221100	2.19250
201812221200	5.74033
201812221300	6.02233
201812221400	6.32633
201812221500	6.08433
201812221600	7.58267
201812221700	6.54633
201812221800	10.06650
201812221900	8.91117
201812222000	9.15000
201812222100	8.23833
201812222200	5.24233
201812222300	5.58400
201812240000	2.08780
201812240100	2.21917
201812240200	1.08700
201812240300	0.95200
201812240400	1.92833
201812240500	1.64450
201812240600	2.46133
201812240700	3.23567
201812240800	2.63583
201812240900	2.72533
201812241000	1.69283
201812241100	1.36983
201812241200	0.85650
201812241300	0.85567
201812241400	0.85717
201812241500	0.71433
201812241600	1.93050
201812241700	1.37217
201812241800	1.81767
201812241900	1.84333
201812242000	1.85717
201812242100	2.90867
201812242200	3.76617
201812242300	5.73800
201812260000	4.36033
201812260100	4.38400
201812260200	4.24867
201812260300	3.89567
201812260400	2.19817
201812260500	1.56383
201812260600	1.22683
201812260700	0.80050
201812260800	0.50150
201812260900	0.79833
201812261000	0.86783
201812261100	0.42400
201812261200	1.25750
201812261300	2.32783
201812261400	3.06767
201812261500	3.53250
201812261600	6.21817
201812261700	6.39483
201812261800	3.98333
201812261900	6.43900
201812262000	6.96833
201812262100	5.24333
201812262200	4.90817
201812262300	5.00967
201812280000	5.01467
201812280100	6.96850
201812280200	8.31883
201812280300	7.21250
201812280400	8.41633
201812280500	7.48367
201812280600	7.04167
201812280700	6.88283
201812280800	5.63583
201812280900	5.44467
201812281000	4.94533
201812281100	5.40233
201812281200	3.17100
201812281300	3.31467
201812281400	3.85100
201812281500	3.10200
201812281600	2.79517
201812281700	3.01483
201812281800	6.74467
201812281900	4.08150
201812282000	5.09400
201812282100	5.23683
201812282200	3.39883
201812282300	3.22683
201812300000	3.40283
201812300100	3.05650
201812300200	3.73883
201812300300	3.03333
201812300400	2.45000
201812300500	1.95017
201812300600	1.38267
201812300700	0.95367
201812300800	0.76967
201812300900	0.48500
201812301000	0.62267
201812301100	0.87183
201812301200	0.71350
201812301300	0.85533
201812301400	0.54333
201812301500	0.61717
201812301600	1.09833
201812301700	0.95383
201812301800	0.49767
201812301900	2.14817
201812302000	1.43417
201812302100	0.86750
201812302200	1.82300
201812302300	2.48633
